shape_id,shape_pt_lat,shape_pt_lon,shape_pt_sequence,shape_dist_traveled
63618,33.656822000,-117.732899000,1,0.00
63618,33.656845000,-117.732932000,2,3.99
63618,33.656848000,-117.733019000,3,12.06
63618,33.656832000,-117.733086000,4,18.52
63618,33.656822000,-117.733111000,5,21.09
63618,33.656785000,-117.733145000,6,26.27
63618,33.656718000,-117.733167000,7,34.00
63618,33.656674000,-117.733161000,8,38.93
63618,33.656611000,-117.733132000,9,46.44
63618,33.656510000,-117.732988000,10,63.89
63618,33.656130000,-117.732448000,11,129.41
63618,33.656076000,-117.732351000,12,140.23
63618,33.655526000,-117.732453000,13,202.18
63618,33.655581000,-117.732531000,14,211.65
63618,33.655696000,-117.732694000,15,231.45
63618,33.656136000,-117.733319000,16,307.30
63618,33.656286000,-117.733530000,17,333.01
63618,33.656772000,-117.734221000,18,416.83
63618,33.656875000,-117.734362000,19,434.21
63618,33.656788000,-117.734458000,20,447.36
63618,33.656616000,-117.734638000,21,472.76
63618,33.656404000,-117.734859000,22,504.00
63618,33.656395000,-117.734868000,23,505.31
63618,33.656312000,-117.734955000,24,517.57
63618,33.656196000,-117.735090000,25,535.55
63618,33.656148000,-117.735213000,26,548.13
63618,33.656135000,-117.735243000,27,551.27
63618,33.655975000,-117.735401000,28,574.32
63618,33.655884000,-117.735491000,29,587.44
63618,33.655796000,-117.735512000,30,597.43
63618,33.655631000,-117.735674000,31,621.15
63618,33.655473000,-117.735829000,32,643.86
63618,33.655365000,-117.735935000,33,659.39
63618,33.654783000,-117.736608000,34,749.31
63618,33.654618000,-117.736815000,35,775.87
63618,33.654580000,-117.736951000,36,789.16
63618,33.654309000,-117.737310000,37,834.07
63618,33.654285000,-117.737330000,38,837.32
63618,33.654183000,-117.737414000,39,851.09
63618,33.654288000,-117.737525000,40,866.65
63618,33.654308000,-117.737545000,41,869.55
63618,33.654452000,-117.737708000,42,891.58
63618,33.654494000,-117.737762000,43,898.42
63618,33.654590000,-117.737888000,44,914.25
63618,33.654680000,-117.738012000,45,929.50
63618,33.654778000,-117.738157000,46,946.80
63618,33.654897000,-117.738342000,47,968.47
63618,33.654979000,-117.738481000,48,984.25
63618,33.655061000,-117.738632000,49,1000.96
63618,33.655127000,-117.738760000,50,1014.91
63618,33.655163000,-117.738830000,51,1022.54
63618,33.655243000,-117.738996000,52,1040.31
63618,33.655319000,-117.739166000,53,1058.19
63618,33.655403000,-117.739379000,54,1080.03
63618,33.655411000,-117.739403000,55,1082.43
63618,33.655446000,-117.739509000,56,1092.99
63618,33.655504000,-117.739668000,57,1109.08
63618,33.655544000,-117.739788000,58,1121.06
63618,33.655550000,-117.739806000,59,1122.85
63618,33.655685000,-117.740306000,60,1171.56
63618,33.655767000,-117.740727000,61,1211.62
63618,33.655791000,-117.740878000,62,1225.87
63618,33.655818000,-117.741047000,63,1241.81
63618,33.655837000,-117.741198000,64,1255.96
63618,33.655875000,-117.741527000,65,1286.74
63618,33.655896000,-117.741742000,66,1306.80
63618,33.655907000,-117.741903000,67,1321.77
63618,33.655912000,-117.742043000,68,1334.75
63618,33.655913000,-117.742175000,69,1346.98
63618,33.655912000,-117.742347000,70,1362.92
63618,33.655909000,-117.742517000,71,1378.68
63618,33.655898000,-117.742733000,72,1398.73
63618,33.655887000,-117.742890000,73,1413.33
63618,33.655870000,-117.743049000,74,1428.18
63618,33.655812000,-117.743517000,75,1472.03
63618,33.655770000,-117.743844000,76,1502.69
63618,33.655768000,-117.743856000,77,1503.82
63618,33.655696000,-117.744417000,78,1556.42
63618,33.655672000,-117.744602000,79,1573.77
63618,33.655644000,-117.744826000,80,1594.75
63618,33.655617000,-117.745057000,81,1616.37
63618,33.655577000,-117.745477000,82,1655.54
63618,33.655529000,-117.745953000,83,1699.97
63618,33.655512000,-117.746117000,84,1715.28
63618,33.655496000,-117.746325000,85,1734.64
63618,33.655470000,-117.746668000,86,1766.55
63618,33.655456000,-117.746886000,87,1786.81
63618,33.655274000,-117.746864000,88,1807.17
63618,33.655140000,-117.746852000,89,1822.13
63618,33.655060000,-117.746841000,90,1831.10
63618,33.654910000,-117.746820000,91,1847.91
63618,33.654814000,-117.746799000,92,1858.77
63618,33.654487000,-117.746690000,93,1896.55
63618,33.654138000,-117.746519000,94,1938.50
63618,33.653831000,-117.746324000,95,1977.16
63618,33.653579000,-117.746160000,96,2009.07
63618,33.653468000,-117.746087000,97,2023.15
63618,33.653464000,-117.746085000,98,2023.64
63618,33.653455000,-117.746079000,99,2024.78
63618,33.653365000,-117.746022000,100,2036.11
63618,33.653277000,-117.746195000,101,2054.89
63618,33.653131000,-117.746411000,102,2080.68
63618,33.653017000,-117.746540000,103,2098.11
63618,33.652858000,-117.746694000,104,2120.85
63618,33.652721000,-117.746804000,105,2139.19
63618,33.652660000,-117.746842000,106,2146.84
63618,33.652535000,-117.746918000,107,2162.43
63618,33.652350000,-117.747018000,108,2185.02
63618,33.652191000,-117.747076000,109,2203.52
63618,33.652102000,-117.747101000,110,2213.69
63618,33.652023000,-117.747114000,111,2222.57
63618,33.651952000,-117.747125000,112,2230.54
63618,33.651802000,-117.747133000,113,2247.25
63618,33.651658000,-117.747124000,114,2263.30
63618,33.651449000,-117.747082000,115,2286.89
63618,33.651294000,-117.747041000,116,2304.56
63618,33.651360000,-117.747195000,117,2320.61
63618,33.651308000,-117.747954000,118,2391.18
63618,33.651308000,-117.747958000,119,2391.55
63618,33.651275000,-117.748443000,120,2436.64
63618,33.651273000,-117.748470000,121,2439.15
63618,33.651224000,-117.748600000,122,2452.38
63618,33.651189000,-117.748693000,123,2461.84
63618,33.651277000,-117.748668000,124,2471.90
63618,33.651372000,-117.748642000,125,2482.75
63618,33.651405000,-117.748650000,126,2486.50
63618,33.651531000,-117.748671000,127,2500.66
63618,33.651946000,-117.748739000,128,2547.28
63618,33.652419000,-117.748775000,129,2600.04
63618,33.652628000,-117.748776000,130,2623.31
63618,33.653234000,-117.748777000,131,2690.77
63618,33.653363000,-117.748778000,132,2705.13
63618,33.653512000,-117.748783000,133,2721.72
63618,33.654332000,-117.748811000,134,2813.04
63618,33.654371000,-117.748812000,135,2817.38
63618,33.654483000,-117.748814000,136,2829.85
63618,33.655082000,-117.748825000,137,2896.54
63618,33.655219000,-117.748822000,138,2911.79
63618,33.655392000,-117.748821000,139,2931.05
63618,33.655385000,-117.749048000,140,2952.10
63618,33.655379000,-117.749222000,141,2968.24
63618,33.655379000,-117.749246000,142,2970.46
63618,33.655373000,-117.749602000,143,3003.45
63618,33.655368000,-117.749995000,144,3039.87
63618,33.655358000,-117.750706000,145,3105.77
63618,33.655357000,-117.750769000,146,3111.60
63618,33.655349000,-117.751298000,147,3160.63
63618,33.655347000,-117.751496000,148,3178.98
63618,33.655347000,-117.751550000,149,3183.98
63618,33.655346000,-117.751685000,150,3196.49
63618,33.655348000,-117.751992000,151,3224.94
63618,33.655359000,-117.752358000,152,3258.88
63618,33.655361000,-117.752394000,153,3262.22
63618,33.655370000,-117.752549000,154,3276.62
63618,33.655381000,-117.752738000,155,3294.17
63618,33.655382000,-117.752750000,156,3295.29
63618,33.655393000,-117.752923000,157,3311.37
63618,33.655411000,-117.753159000,158,3333.33
63618,33.655441000,-117.753450000,159,3360.50
63618,33.655478000,-117.753753000,160,3388.87
63618,33.655510000,-117.753989000,161,3411.03
63618,33.655547000,-117.754224000,162,3433.19
63618,33.655623000,-117.754656000,163,3474.10
63618,33.655624000,-117.754663000,164,3474.76
63618,33.655635000,-117.754726000,165,3480.73
63618,33.655665000,-117.754880000,166,3495.38
63618,33.655698000,-117.755034000,167,3510.12
63618,33.655773000,-117.755363000,168,3541.72
63618,33.655782000,-117.755398000,169,3545.12
63618,33.655790000,-117.755425000,170,3547.77
63618,33.655810000,-117.755496000,171,3554.72
63618,33.655828000,-117.755552000,172,3560.28
63618,33.655835000,-117.755575000,173,3562.55
63618,33.655850000,-117.755635000,174,3568.36
63618,33.655878000,-117.755753000,175,3579.73
63618,33.655919000,-117.755908000,176,3594.80
63618,33.655959000,-117.756049000,177,3608.60
63618,33.656019000,-117.756247000,178,3628.12
63618,33.656044000,-117.756328000,179,3636.13
63618,33.656134000,-117.756614000,180,3664.46
63618,33.656256000,-117.756959000,181,3699.19
63618,33.656475000,-117.757544000,182,3758.63
63618,33.656793000,-117.758393000,183,3844.89
63618,33.656929000,-117.758757000,184,3881.86
63618,33.657036000,-117.759043000,185,3910.92
63618,33.657126000,-117.759284000,186,3935.39
63618,33.657300000,-117.759746000,187,3982.38
63618,33.657353000,-117.759884000,188,3996.46
63618,33.657402000,-117.760007000,189,4009.10
63618,33.657441000,-117.760134000,190,4021.64
63618,33.657564000,-117.760558000,191,4063.25
63618,33.657618000,-117.760778000,192,4084.50
63618,33.657656000,-117.760963000,193,4102.15
63618,33.657679000,-117.761092000,194,4114.38
63618,33.657700000,-117.761226000,195,4127.01
63618,33.657721000,-117.761371000,196,4140.65
63618,33.657732000,-117.761447000,197,4147.80
63618,33.657758000,-117.761676000,198,4169.21
63618,33.657774000,-117.761882000,199,4188.38
63618,33.657776000,-117.761919000,200,4191.82
63618,33.657779000,-117.762006000,201,4199.89
63618,33.657781000,-117.762049000,202,4203.88
63618,33.657785000,-117.762120000,203,4210.47
63618,33.657786000,-117.762204000,204,4218.26
63618,33.657787000,-117.762351000,205,4231.88
63618,33.657786000,-117.762493000,206,4245.04
63618,33.657779000,-117.762646000,207,4259.23
63618,33.657769000,-117.762825000,208,4275.86
63618,33.657755000,-117.763006000,209,4292.70
63618,33.657738000,-117.763182000,210,4309.12
63618,33.657715000,-117.763347000,211,4324.62
63618,33.657704000,-117.763418000,212,4331.31
63618,33.657690000,-117.763502000,213,4339.25
63618,33.657650000,-117.763716000,214,4359.57
63618,33.657589000,-117.764016000,215,4388.19
63618,33.657529000,-117.764313000,216,4416.50
63618,33.657514000,-117.764384000,217,4423.29
63618,33.657484000,-117.764519000,218,4436.24
63618,33.657340000,-117.765209000,219,4502.15
63618,33.657276000,-117.765513000,220,4531.21
63618,33.657268000,-117.765549000,221,4534.66
63618,33.657247000,-117.765648000,222,4544.13
63618,33.657164000,-117.766047000,223,4582.23
63618,33.657061000,-117.766518000,224,4627.36
63618,33.657055000,-117.766546000,225,4630.04
63618,33.657026000,-117.766676000,226,4642.51
63618,33.656998000,-117.766855000,227,4659.38
63618,33.656954000,-117.767120000,228,4684.42
63618,33.656931000,-117.767276000,229,4699.10
63618,33.656898000,-117.767584000,230,4727.88
63618,33.656892000,-117.767686000,231,4737.35
63618,33.656889000,-117.767737000,232,4742.09
63618,33.656886000,-117.767821000,233,4749.88
63618,33.656885000,-117.767848000,234,4752.38
63618,33.656884000,-117.767889000,235,4756.18
63618,33.656881000,-117.768047000,236,4770.83
63618,33.656881000,-117.768275000,237,4791.95
63618,33.656883000,-117.768304000,238,4794.65
63618,33.656890000,-117.768420000,239,4805.43
63618,33.656895000,-117.768547000,240,4817.21
63618,33.656902000,-117.768667000,241,4828.35
63618,33.656917000,-117.768858000,242,4846.13
63618,33.656939000,-117.769033000,243,4862.53
63618,33.656969000,-117.769235000,244,4881.54
63618,33.656998000,-117.769406000,245,4897.71
63618,33.657036000,-117.769596000,246,4915.82
63618,33.657079000,-117.769785000,247,4933.97
63618,33.657108000,-117.769898000,248,4944.93
63618,33.657139000,-117.770010000,249,4955.87
63618,33.657171000,-117.770123000,250,4966.93
63618,33.657205000,-117.770234000,251,4977.89
63618,33.657242000,-117.770343000,252,4988.79
63618,33.657255000,-117.770382000,253,4992.69
63618,33.657264000,-117.770406000,254,4995.13
63618,33.657329000,-117.770581000,255,5012.88
63618,33.657344000,-117.770621000,256,5016.95
63618,33.657443000,-117.770846000,257,5040.53
63618,33.657509000,-117.770988000,258,5055.60
63618,33.657601000,-117.771170000,259,5075.33
63618,33.657747000,-117.771437000,260,5104.93
63618,33.657798000,-117.771520000,261,5114.49
63618,33.657851000,-117.771601000,262,5124.04
63618,33.657956000,-117.771765000,263,5143.21
63618,33.658074000,-117.771938000,264,5163.93
63618,33.658195000,-117.772107000,265,5184.59
63618,33.658376000,-117.772366000,266,5215.92
63618,33.658628000,-117.772736000,267,5260.22
63618,33.658651000,-117.772770000,268,5264.28
63618,33.658731000,-117.772882000,269,5277.95
63618,33.658824000,-117.773023000,270,5294.62
63618,33.659320000,-117.773730000,271,5380.30
63618,33.659504000,-117.773993000,272,5412.13
63618,33.659624000,-117.774165000,273,5432.93
63618,33.659627000,-117.774168000,274,5433.36
63618,33.659826000,-117.774457000,275,5468.11
63618,33.659921000,-117.774593000,276,5484.56
63618,33.660034000,-117.774758000,277,5504.36
63618,33.660208000,-117.775007000,278,5534.49
63618,33.660223000,-117.775028000,279,5537.05
63618,33.660358000,-117.775228000,280,5560.91
63618,33.660403000,-117.775036000,281,5579.39
63618,33.660919000,-117.774528000,282,5653.65
63618,33.661958000,-117.773469000,283,5805.33
63618,33.662071000,-117.773362000,284,5821.34
63618,33.662661000,-117.772805000,285,5904.87
63618,33.662766000,-117.772699000,286,5920.14
63618,33.663553000,-117.771910000,287,6034.24
63618,33.663619000,-117.771841000,288,6043.98
63618,33.663945000,-117.771549000,289,6089.25
63618,33.663977000,-117.771519000,290,6093.76
63618,33.664108000,-117.771394000,291,6112.39
63618,33.664130000,-117.771375000,292,6115.40
63618,33.664193000,-117.771320000,293,6124.07
63618,33.664388000,-117.771139000,294,6151.50
63618,33.664409000,-117.771120000,295,6154.43
63618,33.664475000,-117.771057000,296,6163.81
63618,33.664595000,-117.770949000,297,6180.50
63618,33.664698000,-117.771086000,298,6197.61
63618,33.664777000,-117.771201000,299,6211.42
63618,33.665039000,-117.771566000,300,6256.08
63618,33.665456000,-117.772026000,301,6319.10
63618,33.666018000,-117.772577000,302,6399.84
63618,33.666354000,-117.772981000,303,6452.76
63618,33.666491000,-117.773146000,304,6474.35
63618,33.666669000,-117.773422000,305,6506.70
63618,33.666920000,-117.773776000,306,6549.79
63618,33.666934000,-117.773797000,307,6552.28
63618,33.666983000,-117.773867000,308,6560.76
63618,33.667052000,-117.773984000,309,6574.04
63618,33.667103000,-117.774071000,310,6583.90
63618,33.667452000,-117.774669000,311,6651.57
63618,33.667805000,-117.775295000,312,6721.62
63618,33.668036000,-117.775784000,313,6773.72
63618,33.668262000,-117.776351000,314,6831.96
63618,33.668762000,-117.777561000,315,6957.12
63618,33.668974000,-117.777991000,316,7003.43
63618,33.669177000,-117.778351000,317,7043.71
63618,33.669402000,-117.778694000,318,7084.17
63618,33.669641000,-117.779012000,319,7123.87
63618,33.670894000,-117.780450000,320,7316.75
63618,33.671413000,-117.781097000,321,7400.01
63618,33.672001000,-117.782073000,322,7511.63
63618,33.672064000,-117.782177000,323,7523.55
63618,33.672373000,-117.782681000,324,7581.54
63618,33.672431000,-117.782773000,325,7592.23
63618,33.672865000,-117.783513000,326,7676.10
63618,33.672981000,-117.783705000,327,7698.08
63618,33.673443000,-117.784494000,328,7787.46
63618,33.673463000,-117.784524000,329,7791.02
63618,33.673524000,-117.784625000,330,7802.58
63618,33.673603000,-117.784764000,331,7818.17
63618,33.673672000,-117.784884000,332,7831.69
63618,33.673991000,-117.785440000,333,7894.25
63618,33.674133000,-117.785678000,334,7921.38
63618,33.674716000,-117.786659000,335,8033.05
63618,33.674917000,-117.786999000,336,8071.69
63618,33.675114000,-117.787343000,337,8110.37
63618,33.675173000,-117.787473000,338,8124.09
63618,33.675227000,-117.787594000,339,8136.81
63618,33.675340000,-117.787855000,340,8164.07
63618,33.675479000,-117.788178000,341,8197.75
63618,33.675570000,-117.788390000,342,8219.85
63618,33.675839000,-117.789237000,343,8303.84
63618,33.675988000,-117.789832000,344,8361.40
63618,33.676154000,-117.790644000,345,8438.86
63618,33.676217000,-117.791020000,346,8474.39
63618,33.676258000,-117.791555000,347,8524.16
63618,33.676270000,-117.791704000,348,8538.03
63618,33.676301000,-117.792606000,349,8621.66
63618,33.676311000,-117.793283000,350,8684.38
63618,33.676312000,-117.793454000,351,8700.22
63618,33.676318000,-117.794187000,352,8768.13
63618,33.676322000,-117.794601000,353,8806.49
63618,33.676383000,-117.795340000,354,8875.28
63618,33.676512000,-117.796033000,355,8941.07
63618,33.676534000,-117.796115000,356,8949.05
63618,33.676638000,-117.796498000,357,8986.37
63618,33.676745000,-117.796854000,358,9021.43
63618,33.676778000,-117.796960000,359,9031.92
63618,33.676830000,-117.797085000,360,9044.86
63618,33.676838000,-117.797105000,361,9046.92
63618,33.676996000,-117.797485000,362,9086.27
63618,33.677133000,-117.797766000,363,9116.44
63618,33.677362000,-117.798236000,364,9166.89
63618,33.677403000,-117.798303000,365,9174.60
63618,33.677644000,-117.798692000,366,9219.52
63618,33.678027000,-117.799240000,367,9285.82
63618,33.678260000,-117.799483000,368,9320.16
63618,33.678348000,-117.799575000,369,9333.15
63618,33.678555000,-117.799771000,370,9362.48
63618,33.678936000,-117.800132000,371,9416.49
63618,33.679090000,-117.800284000,372,9438.68
63618,33.679165000,-117.800358000,373,9449.48
63618,33.679771000,-117.800963000,374,9537.18
63618,33.679691000,-117.801042000,375,9548.71
63618,33.679190000,-117.801565000,376,9622.58
63618,33.679027000,-117.801714000,377,9645.38
63618,33.679020000,-117.801721000,378,9646.40
63618,33.678871000,-117.801862000,379,9667.51
63618,33.678850000,-117.801881000,380,9670.44
63618,33.678683000,-117.802036000,381,9693.92
63618,33.678527000,-117.802184000,382,9716.05
63618,33.678249000,-117.802449000,383,9755.55
63618,33.677918000,-117.802777000,384,9803.31
63618,33.677678000,-117.803012000,385,9837.77
63618,33.677531000,-117.803151000,386,9858.60
63618,33.677446000,-117.803231000,387,9870.61
63618,33.677276000,-117.803398000,388,9895.06
63618,33.677126000,-117.803544000,389,9916.55
63618,33.677060000,-117.803609000,390,9926.05
63618,33.676853000,-117.803804000,391,9955.33
63618,33.676586000,-117.804055000,392,9993.06
63618,33.676359000,-117.804268000,393,10025.12
63618,33.676063000,-117.804547000,394,10067.00
63618,33.675998000,-117.804608000,395,10076.18
63618,33.676105000,-117.804733000,396,10092.79
63618,33.676112000,-117.804742000,397,10093.94
63618,33.676244000,-117.804906000,398,10115.07
63618,33.676372000,-117.805080000,399,10136.59
63618,33.676499000,-117.805261000,400,10158.52
63618,33.676621000,-117.805446000,401,10180.38
63618,33.676709000,-117.805592000,402,10197.08
63618,33.676726000,-117.805621000,403,10200.37
63618,33.676780000,-117.805714000,404,10210.88
63618,33.676847000,-117.805836000,405,10224.42
63618,33.677004000,-117.806123000,406,10256.23
63618,33.677065000,-117.806239000,407,10268.95
63618,33.677169000,-117.806437000,408,10290.64
63618,33.677217000,-117.806525000,409,10300.38
63618,33.677351000,-117.806774000,410,10327.85
63618,33.677535000,-117.807119000,411,10365.81
63618,33.677678000,-117.807387000,412,10395.30
63618,33.677824000,-117.807653000,413,10424.82
63618,33.677900000,-117.807788000,414,10439.92
63618,33.677980000,-117.807921000,415,10455.12
63618,33.678014000,-117.807974000,416,10461.32
63618,33.678102000,-117.808110000,417,10477.28
63618,33.678190000,-117.808246000,418,10493.24
63618,33.678221000,-117.808292000,419,10498.72
63618,33.678275000,-117.808370000,420,10508.12
63618,33.678356000,-117.808483000,421,10521.94
63618,33.678438000,-117.808596000,422,10535.83
63618,33.678505000,-117.808683000,423,10546.81
63618,33.678573000,-117.808770000,424,10557.87
63618,33.678668000,-117.808885000,425,10572.88
63618,33.678811000,-117.809052000,426,10595.07
63618,33.678992000,-117.809253000,427,10622.51
63618,33.679073000,-117.809335000,428,10634.30
63618,33.679122000,-117.809386000,429,10641.52
63618,33.679197000,-117.809323000,430,10651.70
63618,33.679260000,-117.809263000,431,10660.65
63618,33.679429000,-117.809125000,432,10683.40
63618,33.679585000,-117.808999000,433,10704.32
63618,33.679601000,-117.808986000,434,10706.47
63618,33.679771000,-117.808851000,435,10729.15
63618,33.679779000,-117.808844000,436,10730.25
63618,33.679814000,-117.808813000,437,10735.10
63618,33.679823000,-117.808805000,438,10736.34
63618,33.679992000,-117.808654000,439,10759.78
63618,33.680032000,-117.808620000,440,10765.24
63618,33.680055000,-117.808600000,441,10768.40
63618,33.680574000,-117.808134000,442,10840.52
63618,33.680639000,-117.808076000,443,10849.53
63618,33.680655000,-117.808060000,444,10851.85
63618,33.680942000,-117.807773000,445,10893.41
63618,33.681225000,-117.807481000,446,10934.93
63618,33.681251000,-117.807448000,447,10939.14
63618,33.681458000,-117.807189000,448,10972.41
63618,33.681488000,-117.807152000,449,10977.20
63618,33.681508000,-117.807124000,450,10980.61
63618,33.681524000,-117.807102000,451,10983.32
63618,33.681558000,-117.807057000,452,10988.95
63618,33.681598000,-117.807004000,453,10995.58
63618,33.681730000,-117.806827000,454,11017.60
63618,33.681750000,-117.806800000,455,11020.94
63618,33.681872000,-117.806636000,456,11041.32
63618,33.681976000,-117.806485000,457,11059.48
63618,33.682028000,-117.806411000,458,11068.45
63618,33.682056000,-117.806372000,459,11073.22
63618,33.682084000,-117.806333000,460,11077.99
63618,33.682098000,-117.806314000,461,11080.34
63618,33.682119000,-117.806285000,462,11083.90
63618,33.682125000,-117.806277000,463,11084.90
63618,33.682302000,-117.806033000,464,11114.89
63618,33.682355000,-117.805953000,465,11124.36
63618,33.682374000,-117.805924000,466,11127.78
63618,33.682378000,-117.805902000,467,11129.86
63618,33.682385000,-117.805868000,468,11133.11
63618,33.682403000,-117.805772000,469,11142.22
63618,33.682763000,-117.805287000,470,11202.43
63618,33.683099000,-117.804820000,471,11259.61
63618,33.683241000,-117.804632000,472,11283.13
63618,33.683327000,-117.804528000,473,11296.71
63618,33.683405000,-117.804434000,474,11309.01
63618,33.683472000,-117.804359000,475,11319.20
63618,33.683531000,-117.804295000,476,11328.05
63618,33.683597000,-117.804229000,477,11337.61
63618,33.683782000,-117.804044000,478,11364.40
63618,33.684130000,-117.803751000,479,11411.70
63618,33.684455000,-117.803526000,480,11453.45
63618,33.684779000,-117.803347000,481,11493.15
63618,33.685091000,-117.803204000,482,11530.32
63618,33.685257000,-117.803130000,483,11550.03
63618,33.685406000,-117.803064000,484,11567.71
63618,33.685499000,-117.803023000,485,11578.74
63618,33.685603000,-117.802974000,486,11591.17
63618,33.685945000,-117.802812000,487,11632.09
63618,33.686045000,-117.802765000,488,11644.05
63618,33.686281000,-117.802628000,489,11673.22
63618,33.686483000,-117.802494000,490,11698.91
63618,33.686602000,-117.802401000,491,11714.71
63618,33.686689000,-117.802333000,492,11726.26
63618,33.686894000,-117.802156000,493,11754.36
63618,33.686956000,-117.802094000,494,11763.34
63618,33.687070000,-117.801979000,495,11779.91
63618,33.687197000,-117.801852000,496,11798.30
63618,33.687330000,-117.801701000,497,11818.67
63618,33.687506000,-117.801474000,498,11847.41
63618,33.687677000,-117.801220000,499,11877.67
63618,33.687851000,-117.800929000,500,11910.86
63618,33.687906000,-117.800825000,501,11922.28
63618,33.687963000,-117.800712000,502,11934.52
63618,33.688027000,-117.800585000,503,11948.27
63618,33.688071000,-117.800482000,504,11958.99
63618,33.688175000,-117.800239000,505,11984.30
63618,33.688282000,-117.799946000,506,12013.94
63618,33.688371000,-117.799634000,507,12044.49
63618,33.688456000,-117.799269000,508,12079.60
63618,33.688493000,-117.799083000,509,12097.31
63618,33.688516000,-117.798909000,510,12113.63
63618,33.688542000,-117.798707000,511,12132.56
63618,33.688550000,-117.798631000,512,12139.66
63618,33.688557000,-117.798524000,513,12149.60
63618,33.688561000,-117.798445000,514,12156.93
63618,33.688572000,-117.798294000,515,12170.97
63618,33.688580000,-117.798173000,516,12182.22
63618,33.688578000,-117.797851000,517,12212.04
63618,33.688554000,-117.797474000,518,12247.06
63618,33.688511000,-117.797111000,519,12281.03
63618,33.688443000,-117.796725000,520,12317.57
63618,33.688316000,-117.796253000,521,12363.52
63618,33.688217000,-117.795952000,522,12393.50
63618,33.688181000,-117.795866000,523,12402.42
63618,33.688123000,-117.795724000,524,12417.07
63618,33.688101000,-117.795671000,525,12422.55
63618,33.688066000,-117.795588000,526,12431.17
63618,33.687932000,-117.795312000,527,12460.77
63618,33.687757000,-117.794990000,528,12496.39
63618,33.687561000,-117.794686000,529,12532.02
63618,33.687281000,-117.794341000,530,12576.66
63618,33.687179000,-117.794222000,531,12592.48
63618,33.687123000,-117.794157000,532,12601.15
63618,33.686979000,-117.794012000,533,12622.06
63618,33.686629000,-117.793695000,534,12670.85
63618,33.686407000,-117.793480000,535,12702.59
63618,33.686247000,-117.793324000,536,12725.52
63618,33.685906000,-117.792973000,537,12775.50
63618,33.685720000,-117.792782000,538,12802.74
63618,33.685390000,-117.792402000,539,12853.61
63618,33.685303000,-117.792302000,540,12867.02
63618,33.685091000,-117.792057000,541,12899.76
63618,33.684654000,-117.791511000,542,12969.93
63618,33.684597000,-117.791430000,543,12979.76
63618,33.684072000,-117.790693000,544,13069.62
63618,33.684056000,-117.790670000,545,13072.40
63618,33.683996000,-117.790584000,546,13082.80
63618,33.683958000,-117.790527000,547,13089.56
63618,33.683922000,-117.790473000,548,13095.97
63618,33.683982000,-117.790410000,549,13104.84
63618,33.684004000,-117.790386000,550,13108.15
63618,33.684072000,-117.790317000,551,13118.05
63618,33.684200000,-117.790187000,552,13136.71
63618,33.684348000,-117.790037000,553,13158.26
63618,33.685057000,-117.789315000,554,13261.71
63618,33.685209000,-117.789163000,555,13283.73
63618,33.685955000,-117.788416000,556,13391.82
63618,33.686007000,-117.788366000,557,13399.23
63618,33.686085000,-117.788291000,558,13410.35
63618,33.686226000,-117.788153000,559,13430.59
63618,33.686336000,-117.788049000,560,13446.17
63618,33.686374000,-117.788014000,561,13451.50
63618,33.686628000,-117.787764000,562,13488.05
63618,33.686739000,-117.787655000,563,13504.01
63618,33.687085000,-117.787302000,564,13554.53
63618,33.687165000,-117.787229000,565,13565.71
63618,33.687643000,-117.786758000,566,13634.52
63618,33.687991501,-117.786414500,567,13684.70
63618,33.688340000,-117.786071000,568,13734.87
63618,33.688423000,-117.785990000,569,13746.77
63618,33.688969000,-117.785450000,570,13825.49
63618,33.688996000,-117.785443000,571,13828.56
63618,33.689092000,-117.785421000,572,13839.44
63618,33.689175000,-117.785330000,573,13851.95
63618,33.689356000,-117.785140000,574,13878.70
63618,33.689498000,-117.784990000,575,13899.74
63618,33.689653000,-117.784837000,576,13922.07
63618,33.689941000,-117.784552000,577,13963.60
63618,33.690646000,-117.783858000,578,14065.05
63618,33.690851000,-117.783660000,579,14094.32
63618,33.691054000,-117.783462000,580,14123.43
63618,33.691453000,-117.783071000,581,14180.74
63618,33.691610000,-117.782914000,582,14203.47
63618,33.692046000,-117.782490000,583,14265.90
63618,33.692549000,-117.782040000,584,14335.71
63618,33.692828000,-117.781863000,585,14370.83
63618,33.693219000,-117.781662000,586,14418.17
63618,33.693444000,-117.781597000,587,14443.93
63618,33.693467000,-117.781575000,588,14447.20
63618,33.693555000,-117.781487000,589,14459.94
63618,33.693935000,-117.781372000,590,14503.56
63618,33.694016000,-117.781347000,591,14512.87
63618,33.694107000,-117.781317000,592,14523.38
63618,33.694394000,-117.781222000,593,14556.52
63618,33.694515000,-117.781182000,594,14570.49
63618,33.694817000,-117.781087000,595,14605.24
63618,33.695220000,-117.780901000,596,14653.29
63618,33.695291000,-117.780863000,597,14661.94
63618,33.695354000,-117.780830000,598,14669.59
63618,33.695418000,-117.780789000,599,14677.67
63618,33.695488000,-117.780744000,600,14686.51
63618,33.695726000,-117.780582000,601,14716.95
63618,33.695810000,-117.780525000,602,14727.69
63618,33.695963000,-117.780386000,603,14749.04
63618,33.696179000,-117.780191000,604,14779.11
63618,33.696692000,-117.779676000,605,14853.52
63618,33.697428000,-117.778926000,606,14960.93
63618,33.697645000,-117.778722000,607,14991.60
63618,33.697736000,-117.778633000,608,15004.66
63618,33.698084000,-117.778293000,609,15054.58
63618,33.698150000,-117.778228000,610,15064.08
63618,33.698239000,-117.778145000,611,15076.62
63618,33.698505000,-117.777872000,612,15115.56
63618,33.698589000,-117.777786000,613,15127.84
63618,33.698651000,-117.777727000,614,15136.64
63618,33.698969000,-117.777409000,615,15182.69
63618,33.699458000,-117.776909000,616,15254.16
63618,33.699663000,-117.776672000,617,15285.82
63618,33.699926000,-117.776319000,618,15329.71
63618,33.700252000,-117.775788000,619,15390.83
63618,33.700344000,-117.775673000,620,15405.60
63618,33.700732000,-117.774944000,621,15485.75
63618,33.701131000,-117.774192000,622,15568.35
63618,33.701250000,-117.773976000,623,15592.34
63618,33.701331000,-117.773839000,624,15607.91
63618,33.701435000,-117.773692000,625,15625.78
63618,33.701665000,-117.773407000,626,15662.55
63618,33.701780000,-117.773291000,627,15679.27
63618,33.701837000,-117.773160000,628,15692.96
63618,33.702019000,-117.773024000,629,15716.81
63618,33.702129000,-117.772942000,630,15731.22
63618,33.702345000,-117.772808000,631,15758.28
63618,33.702504000,-117.772729000,632,15777.43
63618,33.702697000,-117.772648000,633,15800.19
63618,33.702849000,-117.772599000,634,15817.71
63618,33.702933000,-117.772576000,635,15827.30
63618,33.703057000,-117.772541000,636,15841.48
63618,33.703193000,-117.772506000,637,15856.96
63618,33.703450000,-117.772441000,638,15886.19
63618,33.703583000,-117.772410000,639,15901.28
63618,33.703708000,-117.772387000,640,15915.35
63618,33.703906000,-117.772350000,641,15937.66
63618,33.704201000,-117.772311000,642,15970.70
63618,33.704614000,-117.772257000,643,16016.94
63618,33.704749000,-117.772240000,644,16032.05
63618,33.704976000,-117.772212000,645,16057.45
63618,33.705113000,-117.772195000,646,16072.79
63618,33.705373000,-117.772162000,647,16101.89
63618,33.705451000,-117.772146000,648,16110.70
63618,33.705568000,-117.772117000,649,16124.00
63618,33.705700000,-117.772075000,650,16139.20
63618,33.705832000,-117.772030000,651,16154.47
63618,33.705959000,-117.771976000,652,16169.47
63618,33.706165000,-117.771882000,653,16194.00
63618,33.706284000,-117.771818000,654,16208.51
63618,33.706459000,-117.771705000,655,16230.62
63618,33.706652000,-117.771565000,656,16255.71
63618,33.706760000,-117.771483000,657,16269.93
63618,33.706833000,-117.771413000,658,16280.33
63618,33.707075000,-117.771181000,659,16314.79
63618,33.707140000,-117.771116000,660,16324.20
63618,33.707212000,-117.771044000,661,16334.63
63618,33.707297000,-117.770957000,662,16347.05
63618,33.707362000,-117.770893000,663,16356.41
63618,33.707493000,-117.770762000,664,16375.37
63618,33.708715000,-117.769537000,665,16552.50
63618,33.709184000,-117.769068000,666,16620.41
63618,33.709342000,-117.768892000,667,16644.39
63618,33.709502000,-117.768683000,668,16670.69
63618,33.709586000,-117.768565000,669,16685.08
63618,33.709639000,-117.768474000,670,16695.36
63618,33.709695000,-117.768379000,671,16706.14
63618,33.709776000,-117.768240000,672,16721.86
63618,33.709835000,-117.768122000,673,16734.61
63618,33.709888000,-117.768013000,674,16746.30
63618,33.709928000,-117.767931000,675,16755.10
63618,33.709981000,-117.767804000,676,16768.26
63618,33.710025000,-117.767671000,677,16781.51
63618,33.710037000,-117.767635000,678,16785.11
63618,33.710077000,-117.767495000,679,16798.81
63618,33.710213599,-117.767028073,680,16844.65
63618,33.710691000,-117.765364000,681,17007.65
63618,33.710713000,-117.765290000,682,17014.93
63618,33.710760000,-117.765158000,683,17028.22
63618,33.710843000,-117.764922000,684,17051.95
63618,33.710890000,-117.764809000,685,17063.65
63618,33.710954000,-117.764672000,686,17078.20
63618,33.711009000,-117.764572000,687,17089.30
63618,33.711155000,-117.764304000,688,17118.97
63618,33.711252000,-117.764149000,689,17136.93
63618,33.711343000,-117.764018000,690,17152.73
63618,33.711471000,-117.763858000,691,17173.29
63618,33.711610000,-117.763698000,692,17194.71
63618,33.711717000,-117.763590000,693,17210.26
63618,33.712043000,-117.763253000,694,17258.12
63618,33.712156000,-117.763144000,695,17274.25
63618,33.712485000,-117.762827000,696,17321.19
63618,33.712563000,-117.762751000,697,17332.37
63618,33.712651000,-117.762662000,698,17345.17
63618,33.712717000,-117.762594000,699,17354.84
63618,33.712736000,-117.762575000,700,17357.59
63618,33.712739000,-117.762572000,701,17358.03
63618,33.713477000,-117.761835000,702,17464.83
63618,33.713499000,-117.761813000,703,17468.02
63618,33.713521000,-117.761791000,704,17471.20
63618,33.713695000,-117.761611000,705,17496.76
63618,33.713797000,-117.761511000,706,17511.41
63618,33.713938000,-117.761374000,707,17531.59
63618,33.714206000,-117.761105000,708,17570.45
63618,33.714223000,-117.761089000,709,17572.86
63618,33.714307000,-117.761005000,710,17585.02
63618,33.714242000,-117.760912000,711,17596.27
63618,33.714234000,-117.760901000,712,17597.62
63618,33.713981000,-117.760536000,713,17641.62
63618,33.713372000,-117.759661000,714,17747.26
63618,33.712718000,-117.758720000,715,17860.81
63618,33.712657000,-117.758633000,716,17871.34
63618,33.712646000,-117.758617000,717,17873.26
63618,33.712252000,-117.758041000,718,17942.32
63618,33.711985000,-117.757650000,719,17989.16
63618,33.710362000,-117.755323000,720,18270.37
63618,33.710101000,-117.754954000,721,18315.22
63618,33.709894000,-117.754645000,722,18351.96
63618,33.709876000,-117.754620000,723,18355.02
63618,33.709814000,-117.754531000,724,18365.77
63618,33.709721000,-117.754400000,725,18381.72
63618,33.709647000,-117.754295000,726,18394.46
63618,33.709613000,-117.754247000,727,18400.30
63618,33.709612000,-117.754245000,728,18400.51
63618,33.709311000,-117.753817000,729,18452.41
63618,33.708234000,-117.752287000,730,18638.01
63618,33.707946000,-117.751859000,731,18688.99
63618,33.707520000,-117.751226000,732,18764.39
63618,33.707496000,-117.751191000,733,18768.59
63618,33.707435000,-117.751106000,734,18778.99
63618,33.707317000,-117.750929000,735,18799.99
63618,33.707452000,-117.750789000,736,18819.84
63618,33.707520000,-117.750717000,737,18829.93
63618,33.707888000,-117.750356000,738,18882.80
63618,33.708233000,-117.749964000,739,18935.65
63618,33.708725000,-117.749378000,740,19012.75
63618,33.708877000,-117.749207000,741,19035.92
63618,33.709000000,-117.749068000,742,19054.72
63618,33.709297000,-117.748767000,743,19097.96
63618,33.709917000,-117.748159000,744,19187.03
63618,33.709971000,-117.748104000,745,19194.91
63618,33.710019000,-117.748055000,746,19201.92
63618,33.710078000,-117.747993000,747,19210.64
63618,33.712152000,-117.745878000,748,19513.40
63618,33.712692000,-117.745330000,749,19592.07
63618,33.712709000,-117.745313000,750,19594.53
63618,33.712784000,-117.745240000,751,19605.27
63618,33.712888000,-117.745141000,752,19620.04
63618,33.712955000,-117.745075000,753,19629.68
63618,33.712965000,-117.745065000,754,19631.13
63618,33.712967000,-117.745063000,755,19631.42
63618,33.713217000,-117.744819000,756,19667.26
63618,33.713465000,-117.744575000,757,19702.94
63618,33.714419000,-117.743619000,758,19841.19
63618,33.714751000,-117.743290000,759,19889.09
63618,33.715371000,-117.742686000,760,19977.92
63618,33.715512000,-117.742527000,761,19999.44
63618,33.715595000,-117.742433000,762,20012.14
63618,33.715665000,-117.742336000,763,20024.03
63618,33.715823000,-117.742141000,764,20049.23
63618,33.715991000,-117.741914000,765,20077.37
63618,33.716212000,-117.741589000,766,20116.24
63618,33.716394000,-117.741324000,767,20148.06
63618,33.716399000,-117.741316000,768,20148.99
63618,33.716556000,-117.741050000,769,20179.19
63618,33.716558000,-117.741046000,770,20179.62
63618,33.716684000,-117.740797000,771,20206.61
63618,33.716773000,-117.740604000,772,20227.04
63618,33.716870000,-117.740395000,773,20249.20
63618,33.716919000,-117.740275000,774,20261.58
63618,33.716946000,-117.740209000,775,20268.39
63618,33.716956000,-117.740183000,776,20271.04
63618,33.717016000,-117.740009000,777,20288.48
63618,33.717102000,-117.739821000,778,20308.35
63618,33.717266000,-117.739846000,779,20326.75
63618,33.717352000,-117.739865000,780,20336.49
63618,33.717387000,-117.739875000,781,20340.49
63618,33.717428000,-117.739885000,782,20345.15
63618,33.717430000,-117.739885000,783,20345.37
63618,33.717583000,-117.739921000,784,20362.73
63618,33.718420000,-117.740121000,785,20457.72
63618,33.718617000,-117.740186000,786,20480.46
63618,33.718875000,-117.740272000,787,20510.27
63618,33.719325000,-117.740457000,788,20563.21
63618,33.719378000,-117.740486000,789,20569.69
63618,33.719647000,-117.740633000,790,20602.58
63618,33.719663000,-117.740641000,791,20604.51
63618,33.720062000,-117.740832000,792,20652.32
63618,33.720474000,-117.741113000,793,20705.05
63618,33.720491000,-117.741127000,794,20707.34
63618,33.720770000,-117.741356000,795,20744.95
63618,33.720772000,-117.741358000,796,20745.24
63618,33.720963000,-117.741515000,797,20771.00
63618,33.721074000,-117.741621000,798,20786.78
63618,33.721097000,-117.741643000,799,20790.05
63618,33.721587000,-117.742159000,800,20862.56
63618,33.721887000,-117.742529000,801,20910.40
63618,33.722146000,-117.742869000,802,20953.09
63618,33.722561000,-117.743474000,803,21025.70
63618,33.723239000,-117.744434000,804,21142.30
63618,33.723347000,-117.744574000,805,21159.98
63618,33.723508000,-117.744782000,806,21186.29
63618,33.723547000,-117.744833000,807,21192.70
63618,33.723604000,-117.744907000,808,21202.04
63618,33.723630000,-117.744941000,809,21206.32
63618,33.723950000,-117.745302000,810,21255.17
63618,33.724358000,-117.745679000,811,21312.45
63618,33.724839000,-117.746067000,812,21376.93
63618,33.725577000,-117.746576000,813,21471.64
63618,33.726049000,-117.746889000,814,21531.64
63618,33.726433000,-117.747140000,815,21580.30
63618,33.726803000,-117.747449000,816,21630.45
63618,33.727147000,-117.747767000,817,21678.75
63618,33.727470000,-117.748113000,818,21726.91
63618,33.727570000,-117.748226000,819,21742.18
63618,33.727688000,-117.748358000,820,21760.12
63618,33.727812000,-117.748530000,821,21781.20
63618,33.727841000,-117.748570000,822,21786.11
63618,33.727842000,-117.748571000,823,21786.26
63618,33.728071000,-117.748891000,824,21825.34
63618,33.728312000,-117.749296000,825,21871.45
63618,33.728708000,-117.749982000,826,21948.76
63618,33.728873000,-117.750422000,827,21993.44
63618,33.729160000,-117.751127000,828,22066.11
63618,33.729170000,-117.751150000,829,22068.51
63618,33.729218000,-117.751270000,830,22080.84
63618,33.729266000,-117.751395000,831,22093.59
63618,33.729274000,-117.751413000,832,22095.48
63618,33.729297000,-117.751467000,833,22101.10
63618,33.729298000,-117.751469000,834,22101.31
63618,33.729592001,-117.752170500,835,22174.04
63618,33.729886000,-117.752872000,836,22246.76
63618,33.730019000,-117.753269000,837,22286.39
63618,33.730137000,-117.753664000,838,22325.24
63618,33.730203000,-117.753984000,839,22355.77
63618,33.730209000,-117.754012000,840,22358.44
63618,33.730225000,-117.754091000,841,22365.97
63618,33.730290000,-117.754425000,842,22397.73
63618,33.730364000,-117.754864000,843,22439.20
63618,33.730585000,-117.756153000,844,22561.04
63618,33.730725000,-117.756787000,845,22621.77
63618,33.730909000,-117.757399000,846,22682.02
63618,33.731150000,-117.758008000,847,22744.46
63618,33.731372000,-117.758431000,848,22790.76
63618,33.731628000,-117.758918000,849,22844.10
63618,33.731687000,-117.759031000,850,22856.45
63618,33.731886000,-117.759317000,851,22890.98
63618,33.732232000,-117.759816000,852,22951.12
63618,33.732246000,-117.759836000,853,22953.54
63618,33.732319000,-117.759941000,854,22966.21
63618,33.732412000,-117.760075000,855,22982.37
63618,33.732267000,-117.760223000,856,23003.54
63618,33.732164000,-117.760326000,857,23018.46
63618,33.731812000,-117.760680000,858,23069.54
63618,33.731058000,-117.761422000,859,23178.00
63618,33.729699000,-117.762762000,860,23373.64
63618,33.729459000,-117.762998000,861,23408.16
63618,33.728932000,-117.763516000,862,23483.93
63618,33.728913000,-117.763535000,863,23486.68
63618,33.728830000,-117.763618000,864,23498.70
63618,33.728757000,-117.763690000,865,23509.21
63618,33.728691000,-117.763756000,866,23518.77
63618,33.728680000,-117.763767000,867,23520.36
63618,33.728679000,-117.763768000,868,23520.50
63618,33.728677000,-117.763770000,869,23520.79
63618,33.728297000,-117.764153000,870,23575.99
63618,33.725471000,-117.767000000,871,23986.41
63618,33.724606000,-117.767901000,872,24113.81
63618,33.724545000,-117.767967000,873,24122.94
63618,33.724487000,-117.768020000,874,24131.05
63618,33.724457000,-117.768047000,875,24135.23
63618,33.724456000,-117.768048000,876,24135.37
63618,33.724370000,-117.768127000,877,24147.42
63618,33.724018000,-117.768466000,878,24197.62
63618,33.723725000,-117.768749000,879,24239.46
63618,33.722820000,-117.769664000,880,24371.09
63618,33.722260000,-117.770239000,881,24453.07
63618,33.722038000,-117.770455000,882,24484.86
63618,33.721619000,-117.770867000,883,24545.12
63618,33.721598000,-117.770886000,884,24548.04
63618,33.721494000,-117.770985000,885,24562.81
63618,33.721390000,-117.771092000,886,24578.05
63618,33.721301000,-117.770970000,887,24593.07
63618,33.721209000,-117.770842000,888,24608.73
63618,33.721088000,-117.770676000,889,24629.17
63618,33.720238000,-117.769477000,890,24775.04
63618,33.719628000,-117.768603000,891,24880.68
63618,33.719015000,-117.767739000,892,24985.83
63618,33.718831000,-117.767480000,893,25017.37
63618,33.718681000,-117.767262000,894,25043.57
63618,33.717631000,-117.765738000,895,25226.80
63618,33.714459000,-117.761223000,896,25774.03
63618,33.714445000,-117.761204000,897,25776.38
63618,33.714374000,-117.761101000,898,25788.77
63618,33.714287000,-117.761187000,899,25801.31
63618,33.714205000,-117.761269000,900,25813.18
63618,33.713258000,-117.762213000,901,25950.13
63618,33.712787000,-117.762692000,902,26018.80
63618,33.712720000,-117.762760000,903,26028.57
63618,33.712632000,-117.762851000,904,26041.49
63618,33.712548000,-117.762932000,905,26053.47
63618,33.712392000,-117.763086000,906,26075.94
63618,33.712229000,-117.763248000,907,26099.49
63618,33.712025000,-117.763443000,908,26128.50
63618,33.711876000,-117.763589000,909,26149.90
63618,33.711782000,-117.763688000,910,26163.81
63618,33.711683000,-117.763790000,911,26178.33
63618,33.711580000,-117.763906000,912,26194.04
63618,33.711447000,-117.764076000,913,26215.65
63618,33.711270000,-117.764329000,914,26246.26
63618,33.711152000,-117.764520000,915,26268.29
63618,33.711074000,-117.764670000,916,26284.67
63618,33.711019000,-117.764777000,917,26296.32
63618,33.710929000,-117.765005000,918,26319.69
63618,33.710853000,-117.765215000,919,26340.89
63618,33.710780000,-117.765447000,920,26363.86
63618,33.710766000,-117.765496000,921,26368.66
63618,33.710523000,-117.766347000,922,26451.98
63618,33.710367000,-117.766893000,923,26505.44
63618,33.710332000,-117.767014000,924,26517.30
63618,33.710292000,-117.767154000,925,26531.01
63618,33.710205000,-117.767439000,926,26559.12
63618,33.710125000,-117.767695000,927,26584.44
63618,33.710096000,-117.767791000,928,26593.90
63618,33.710055000,-117.767921000,929,26606.78
63618,33.710002000,-117.768035000,930,26618.87
63618,33.709957000,-117.768129000,931,26628.91
63618,33.709903000,-117.768243000,932,26641.06
63618,33.709754000,-117.768514000,933,26671.14
63618,33.709679000,-117.768634000,934,26685.04
63618,33.709493000,-117.768897000,935,26717.01
63618,33.709266000,-117.769161000,936,26752.17
63618,33.708790000,-117.769642000,937,26821.39
63618,33.707860000,-117.770549000,938,26954.70
63618,33.707426000,-117.770985000,939,27017.67
63618,33.707362000,-117.771049000,940,27026.93
63618,33.707275000,-117.771136000,941,27039.53
63618,33.707207000,-117.771209000,942,27049.68
63618,33.707070000,-117.771355000,943,27070.06
63618,33.707044000,-117.771380000,944,27073.77
63618,33.706897000,-117.771522000,945,27094.76
63618,33.706803000,-117.771603000,946,27107.64
63618,33.706676000,-117.771701000,947,27124.44
63618,33.706507000,-117.771821000,948,27146.29
63618,33.706314000,-117.771941000,949,27170.47
63618,33.706093000,-117.772060000,950,27197.43
63618,33.705858000,-117.772155000,951,27225.03
63618,33.705680000,-117.772210000,952,27245.49
63618,33.705515000,-117.772257000,953,27264.37
63618,33.705245000,-117.772309000,954,27294.81
63618,33.704988000,-117.772341000,955,27323.57
63618,33.704628000,-117.772384000,956,27363.84
63618,33.704517000,-117.772399000,957,27376.27
63618,33.704468000,-117.772406000,958,27381.77
63618,33.704141000,-117.772454000,959,27418.44
63618,33.703995000,-117.772474000,960,27434.80
63618,33.703883000,-117.772493000,961,27447.39
63618,33.703666000,-117.772529000,962,27471.77
63618,33.703087000,-117.772674000,963,27537.61
63618,33.703058000,-117.772681000,964,27540.90
63618,33.702782000,-117.772761000,965,27572.51
63618,33.702643000,-117.772810000,966,27588.63
63618,33.702452000,-117.772892000,967,27611.21
63618,33.702303000,-117.772971000,968,27629.34
63618,33.702181000,-117.773052000,969,27644.86
63618,33.702073000,-117.773131000,970,27658.93
63618,33.701912000,-117.773266000,971,27680.78
63618,33.701780000,-117.773291000,972,27695.66
63618,33.701665000,-117.773407000,973,27712.37
63618,33.701513000,-117.773596000,974,27736.71
63618,33.701435000,-117.773692000,975,27749.14
63618,33.701331000,-117.773839000,976,27767.01
63618,33.701250000,-117.773976000,977,27782.58
63618,33.701131000,-117.774192000,978,27806.57
63618,33.700732000,-117.774944000,979,27889.17
63618,33.700344000,-117.775673000,980,27969.32
63618,33.700300000,-117.775824000,981,27984.14
63618,33.700034000,-117.776306000,982,28037.71
63618,33.699816000,-117.776636000,983,28076.73
63618,33.699650000,-117.776857000,984,28104.31
63618,33.699500000,-117.777040000,985,28128.10
63618,33.699044000,-117.777505000,986,28194.67
63618,33.698694000,-117.777855000,987,28245.35
63618,33.698660000,-117.777890000,988,28250.33
63618,33.698598000,-117.777951000,989,28259.25
63618,33.698306000,-117.778243000,990,28301.54
63618,33.698221000,-117.778330000,991,28313.96
63618,33.698154000,-117.778396000,992,28323.61
63618,33.697891000,-117.778656000,993,28361.51
63618,33.697459000,-117.779091000,994,28424.25
63618,33.696762000,-117.779775000,995,28524.42
63618,33.696139000,-117.780416000,996,28615.71
63618,33.695863000,-117.780636000,997,28652.57
63618,33.695789000,-117.780686000,998,28662.02
63618,33.695591000,-117.780817000,999,28687.18
63618,33.695449000,-117.780915000,1000,28705.41
63618,33.695371000,-117.780962000,1001,28715.13
63618,33.695228000,-117.781031000,1002,28732.28
63618,33.694858000,-117.781210000,1003,28776.68
63618,33.694521000,-117.781335000,1004,28815.94
63618,33.694390000,-117.781371000,1005,28830.90
63618,33.694132000,-117.781441000,1006,28860.34
63618,33.694039000,-117.781466000,1007,28870.95
63618,33.693960000,-117.781489000,1008,28880.00
63618,33.693593000,-117.781596000,1009,28922.04
63618,33.693480000,-117.781597000,1010,28934.62
63618,33.693444000,-117.781597000,1011,28938.62
63618,33.693219000,-117.781662000,1012,28964.38
63618,33.692828000,-117.781863000,1013,29011.72
63618,33.692549000,-117.782040000,1014,29046.84
63618,33.692046000,-117.782490000,1015,29116.65
63618,33.691610000,-117.782914000,1016,29179.08
63618,33.691453000,-117.783071000,1017,29201.82
63618,33.691054000,-117.783462000,1018,29259.13
63618,33.690851000,-117.783660000,1019,29288.23
63618,33.690646000,-117.783858000,1020,29317.50
63618,33.689941000,-117.784552000,1021,29418.95
63618,33.689653000,-117.784837000,1022,29460.48
63618,33.689498000,-117.784990000,1023,29482.81
63618,33.689175000,-117.785330000,1024,29530.61
63618,33.689092000,-117.785421000,1025,29543.11
63618,33.689040000,-117.785514000,1026,29553.49
63618,33.689010000,-117.785570000,1027,29559.66
63618,33.688997000,-117.785593000,1028,29562.23
63618,33.688884000,-117.785705000,1029,29578.54
63618,33.687450000,-117.787128000,1030,29785.55
63618,33.687404000,-117.787173000,1031,29792.16
63618,33.687012000,-117.787564000,1032,29848.87
63618,33.686926000,-117.787651000,1033,29861.38
63618,33.686442000,-117.788144000,1034,29932.01
63618,33.686418000,-117.788169000,1035,29935.54
63618,33.686313000,-117.788276000,1036,29950.87
63618,33.686177000,-117.788413000,1037,29970.62
63618,33.686100000,-117.788494000,1038,29982.01
63618,33.686038000,-117.788561000,1039,29991.30
63618,33.685874000,-117.788727000,1040,30015.16
63618,33.685492000,-117.789114000,1041,30070.78
63618,33.684939000,-117.789662000,1042,30150.57
63618,33.684661000,-117.789937000,1043,30190.65
63618,33.684192000,-117.790395000,1044,30257.92
63618,33.684173000,-117.790414000,1045,30260.68
63618,33.684166000,-117.790421000,1046,30261.69
63618,33.684150000,-117.790435000,1047,30263.89
63618,33.684083000,-117.790500000,1048,30273.48
63618,33.684138000,-117.790585000,1049,30283.45
63618,33.684453000,-117.791040000,1050,30338.28
63618,33.684593000,-117.791227000,1051,30361.58
63618,33.684895000,-117.791630000,1052,30411.82
63618,33.684964000,-117.791716000,1053,30422.88
63618,33.684983000,-117.791740000,1054,30425.95
63618,33.685031000,-117.791798000,1055,30433.53
63618,33.685176000,-117.791977000,1056,30456.67
63618,33.685233000,-117.792043000,1057,30465.48
63618,33.685574000,-117.792439000,1058,30518.27
63618,33.686036000,-117.792928000,1059,30586.80
63618,33.686646000,-117.793521000,1060,30674.14
63618,33.686769000,-117.793642000,1061,30691.83
63618,33.686865000,-117.793736000,1062,30705.62
63618,33.687056000,-117.793923000,1063,30733.04
63618,33.687143000,-117.794005000,1064,30745.35
63618,33.687229000,-117.794105000,1065,30758.67
63618,33.687513000,-117.794437000,1066,30802.77
63618,33.687772000,-117.794800000,1067,30847.07
63618,33.687930000,-117.795058000,1068,30876.74
63618,33.688006000,-117.795202000,1069,30892.53
63618,33.688094000,-117.795371000,1070,30911.00
63618,33.688167000,-117.795509000,1071,30926.15
63618,33.688213000,-117.795615000,1072,30937.22
63618,33.688350000,-117.795963000,1073,30972.88
63618,33.688431000,-117.796219000,1074,30998.25
63618,33.688510000,-117.796491000,1075,31024.93
63618,33.688581000,-117.796806000,1076,31055.16
63618,33.688627000,-117.797038000,1077,31077.25
63618,33.688656000,-117.797268000,1078,31098.80
63618,33.688694000,-117.797665000,1079,31135.81
63618,33.688708000,-117.797995000,1080,31166.42
63618,33.688705000,-117.798132000,1081,31179.11
63618,33.688702000,-117.798228000,1082,31188.01
63618,33.688697000,-117.798386000,1083,31202.66
63618,33.688691000,-117.798465000,1084,31210.00
63618,33.688685000,-117.798540000,1085,31216.98
63618,33.688676000,-117.798648000,1086,31227.04
63618,33.688667000,-117.798729000,1087,31234.61
63618,33.688635000,-117.798966000,1088,31256.85
63618,33.688624000,-117.799047000,1089,31264.45
63618,33.688532000,-117.799508000,1090,31308.36
63618,33.688470000,-117.799773000,1091,31333.86
63618,33.688381000,-117.800036000,1092,31360.15
63618,33.688345000,-117.800129000,1093,31369.65
63618,33.688283000,-117.800281000,1094,31385.33
63618,33.688177000,-117.800539000,1095,31411.99
63618,33.687949000,-117.800989000,1096,31460.79
63618,33.687723000,-117.801361000,1097,31503.45
63618,33.687461000,-117.801721000,1098,31547.75
63618,33.687306000,-117.801906000,1099,31572.07
63618,33.687215000,-117.802004000,1100,31585.67
63618,33.687145000,-117.802078000,1101,31596.05
63618,33.687035000,-117.802199000,1102,31612.65
63618,33.686744000,-117.802444000,1103,31652.20
63618,33.686411000,-117.802693000,1104,31695.86
63618,33.686131000,-117.802862000,1105,31730.74
63618,33.686046000,-117.802906000,1106,31741.04
63618,33.685847000,-117.803008000,1107,31765.13
63618,33.685677000,-117.803084000,1108,31785.32
63618,33.685572000,-117.803131000,1109,31797.79
63618,33.685494000,-117.803165000,1110,31807.03
63618,33.685381000,-117.803214000,1111,31820.40
63618,33.685131000,-117.803322000,1112,31849.97
63618,33.684784000,-117.803478000,1113,31891.21
63618,33.684493000,-117.803649000,1114,31927.27
63618,33.684137000,-117.803893000,1115,31972.90
63618,33.683920000,-117.804088000,1116,32003.06
63618,33.683886000,-117.804119000,1117,32007.81
63618,33.683815000,-117.804184000,1118,32017.75
63618,33.683728000,-117.804262000,1119,32029.83
63618,33.683669000,-117.804329000,1120,32038.86
63618,33.683603000,-117.804402000,1121,32048.85
63618,33.683545000,-117.804470000,1122,32057.87
63618,33.683311000,-117.804742000,1123,32094.11
63618,33.683069000,-117.805071000,1124,32134.79
63618,33.683019000,-117.805136000,1125,32142.99
63618,33.682860000,-117.805346000,1126,32169.28
63618,33.682563000,-117.805754000,1127,32219.50
63618,33.682475000,-117.805875000,1128,32234.38
63618,33.682374000,-117.805924000,1129,32246.51
63618,33.682355000,-117.805953000,1130,32249.93
63618,33.682302000,-117.806033000,1131,32259.40
63618,33.682197000,-117.806178000,1132,32277.21
63618,33.682125000,-117.806277000,1133,32289.39
63618,33.682119000,-117.806285000,1134,32290.38
63618,33.682098000,-117.806314000,1135,32293.94
63618,33.682084000,-117.806333000,1136,32296.30
63618,33.682056000,-117.806372000,1137,32301.07
63618,33.682028000,-117.806411000,1138,32305.84
63618,33.681976000,-117.806485000,1139,32314.81
63618,33.681872000,-117.806636000,1140,32332.97
63618,33.681750000,-117.806800000,1141,32353.34
63618,33.681730000,-117.806827000,1142,32356.69
63618,33.681720000,-117.806841000,1143,32358.40
63618,33.681608000,-117.806991000,1144,32377.07
63618,33.681558000,-117.807057000,1145,32385.34
63618,33.681524000,-117.807102000,1146,32390.97
63618,33.681508000,-117.807124000,1147,32393.68
63618,33.681488000,-117.807152000,1148,32397.09
63618,33.681458000,-117.807189000,1149,32401.88
63618,33.681251000,-117.807448000,1150,32435.14
63618,33.681225000,-117.807481000,1151,32439.35
63618,33.680942000,-117.807773000,1152,32480.88
63618,33.680655000,-117.808060000,1153,32522.44
63618,33.680639000,-117.808076000,1154,32524.76
63618,33.680574000,-117.808134000,1155,32533.77
63618,33.680055000,-117.808600000,1156,32605.89
63618,33.680032000,-117.808620000,1157,32609.05
63618,33.679992000,-117.808654000,1158,32614.50
63618,33.679823000,-117.808805000,1159,32637.95
63618,33.679814000,-117.808813000,1160,32639.19
63618,33.679779000,-117.808844000,1161,32644.03
63618,33.679771000,-117.808851000,1162,32645.14
63618,33.679601000,-117.808986000,1163,32667.82
63618,33.679585000,-117.808999000,1164,32669.97
63618,33.679429000,-117.809125000,1165,32690.89
63618,33.679260000,-117.809263000,1166,32713.64
63618,33.679197000,-117.809323000,1167,32722.59
63618,33.679122000,-117.809386000,1168,32732.77
63618,33.679112000,-117.809412000,1169,32735.43
63618,33.679074000,-117.809510000,1170,32745.44
63618,33.678978000,-117.809410000,1171,32759.58
63618,33.678899000,-117.809329000,1172,32771.14
63618,33.678800000,-117.809222000,1173,32785.97
63618,33.678680000,-117.809084000,1174,32804.46
63618,33.678593000,-117.808982000,1175,32817.99
63618,33.678522000,-117.808897000,1176,32829.14
63618,33.678384000,-117.808720000,1177,32851.61
63618,33.678252000,-117.808538000,1178,32873.98
63618,33.678124000,-117.808356000,1179,32896.05
63618,33.678002000,-117.808173000,1180,32917.77
63618,33.677886000,-117.807987000,1181,32939.31
63618,33.677699000,-117.807666000,1182,32975.60
63618,33.677557000,-117.807402000,1183,33004.72
63618,33.677441000,-117.807184000,1184,33028.69
63618,33.677088000,-117.806530000,1185,33100.91
63618,33.676906000,-117.806188000,1186,33138.51
63618,33.676723000,-117.805849000,1187,33175.95
63618,33.676647000,-117.805716000,1188,33190.89
63618,33.676527000,-117.805515000,1189,33213.81
63618,33.676468000,-117.805427000,1190,33224.28
63618,33.676361000,-117.805267000,1191,33243.29
63618,33.676228000,-117.805083000,1192,33265.87
63618,33.676176000,-117.805011000,1193,33274.70
63618,33.676122000,-117.804942000,1194,33283.48
63618,33.676015000,-117.804811000,1195,33300.48
63618,33.676009000,-117.804803000,1196,33301.48
63618,33.675917000,-117.804696000,1197,33315.73
63618,33.675998000,-117.804608000,1198,33327.89
63618,33.676063000,-117.804547000,1199,33337.07
63618,33.676359000,-117.804268000,1200,33378.95
63618,33.676586000,-117.804055000,1201,33411.01
63618,33.677060000,-117.803609000,1202,33478.02
63618,33.677126000,-117.803544000,1203,33487.52
63618,33.677218000,-117.803454000,1204,33500.73
63618,33.677276000,-117.803398000,1205,33509.01
63618,33.677446000,-117.803231000,1206,33533.45
63618,33.677531000,-117.803151000,1207,33545.47
63618,33.677678000,-117.803012000,1208,33566.30
63618,33.677918000,-117.802777000,1209,33600.76
63618,33.678249000,-117.802449000,1210,33648.52
63618,33.678527000,-117.802184000,1211,33688.02
63618,33.678683000,-117.802036000,1212,33710.14
63618,33.678850000,-117.801881000,1213,33733.63
63618,33.679020000,-117.801721000,1214,33757.67
63618,33.679027000,-117.801714000,1215,33758.69
63618,33.679190000,-117.801565000,1216,33781.48
63618,33.679691000,-117.801042000,1217,33855.36
63618,33.679455000,-117.800820000,1218,33888.72
63618,33.678919000,-117.800315000,1219,33964.54
63618,33.678483000,-117.799874000,1220,34027.98
63618,33.678345000,-117.799735000,1221,34048.03
63618,33.678258000,-117.799647000,1222,34060.69
63618,33.677935000,-117.799274000,1223,34110.55
63618,33.677741000,-117.799009000,1224,34143.25
63618,33.677534000,-117.798727000,1225,34178.08
63618,33.677249000,-117.798256000,1226,34232.03
63618,33.676981000,-117.797741000,1227,34288.30
63618,33.676898000,-117.797559000,1228,34307.52
63618,33.676806000,-117.797328000,1229,34331.25
63618,33.676741000,-117.797163000,1230,34348.16
63618,33.676687000,-117.797025000,1231,34362.29
63618,33.676646000,-117.796913000,1232,34373.62
63618,33.676564000,-117.796632000,1233,34401.21
63618,33.676434000,-117.796182000,1234,34445.33
63618,33.676422000,-117.796142000,1235,34449.27
63618,33.676265000,-117.795355000,1236,34524.24
63618,33.676253000,-117.795265000,1237,34532.69
63618,33.676201000,-117.794612000,1238,34593.46
63618,33.676190000,-117.794193000,1239,34632.29
63618,33.676183000,-117.793663000,1240,34681.40
63618,33.676182000,-117.792729000,1241,34767.92
63618,33.676182000,-117.792598000,1242,34780.06
63618,33.676156000,-117.791711000,1243,34862.28
63618,33.676147000,-117.791575000,1244,34874.92
63618,33.676133000,-117.791366000,1245,34894.34
63618,33.676116000,-117.791113000,1246,34917.85
63618,33.676035000,-117.790546000,1247,34971.15
63618,33.675882000,-117.789824000,1248,35040.17
63618,33.675733000,-117.789261000,1249,35094.90
63618,33.675580000,-117.788789000,1250,35141.82
63618,33.675442000,-117.788412000,1251,35179.98
63618,33.675368000,-117.788231000,1252,35198.66
63618,33.675173000,-117.787797000,1253,35244.35
63618,33.675121000,-117.787688000,1254,35255.99
63618,33.675062000,-117.787565000,1255,35269.14
63618,33.675005000,-117.787445000,1256,35281.94
63618,33.674903000,-117.787271000,1257,35301.66
63618,33.673975000,-117.785687000,1258,35481.12
63618,33.673867000,-117.785499000,1259,35502.28
63618,33.673639000,-117.785096000,1260,35547.42
63618,33.673600000,-117.785027000,1261,35555.15
63618,33.673576000,-117.784989000,1262,35559.57
63618,33.673505000,-117.784870000,1263,35573.14
63618,33.673421000,-117.784722000,1264,35589.73
63618,33.673362000,-117.784624000,1265,35600.94
63618,33.672910000,-117.783875000,1266,35686.65
63618,33.672674000,-117.783486000,1267,35731.25
63618,33.672418000,-117.783063000,1268,35779.70
63618,33.672321000,-117.782889000,1269,35799.10
63618,33.672266000,-117.782790000,1270,35810.13
63618,33.672127000,-117.782542000,1271,35837.83
63618,33.671937000,-117.782204000,1272,35875.62
63618,33.671306000,-117.781169000,1273,35994.48
63618,33.670903000,-117.780607000,1274,36063.21
63618,33.669526000,-117.779084000,1275,36271.55
63618,33.669283000,-117.778761000,1276,36311.89
63618,33.669054000,-117.778412000,1277,36353.06
63618,33.668848000,-117.778046000,1278,36393.99
63618,33.668633000,-117.777610000,1279,36440.95
63618,33.668132000,-117.776396000,1280,36566.49
63618,33.667906000,-117.775832000,1281,36624.48
63618,33.667679000,-117.775350000,1282,36675.79
63618,33.667328000,-117.774729000,1283,36745.34
63618,33.667069000,-117.774297000,1284,36794.67
63618,33.667053000,-117.774270000,1285,36797.74
63618,33.667012000,-117.774204000,1286,36805.37
63618,33.666996000,-117.774177000,1287,36808.44
63618,33.666942000,-117.774089000,1288,36818.57
63618,33.666876000,-117.773979000,1289,36831.13
63618,33.666827000,-117.773905000,1290,36839.89
63618,33.666761000,-117.773806000,1291,36851.64
63618,33.666353000,-117.773228000,1292,36921.86
63618,33.665925000,-117.772722000,1293,36988.70
63618,33.665323000,-117.772145000,1294,37074.43
63618,33.665021000,-117.771803000,1295,37120.63
63618,33.664905000,-117.771671000,1296,37138.41
63618,33.664665000,-117.771324000,1297,37180.21
63618,33.664655000,-117.771309000,1298,37181.99
63618,33.664584000,-117.771205000,1299,37194.46
63618,33.664582000,-117.771207000,1300,37194.75
63618,33.664510000,-117.771281000,1301,37205.29
63618,33.664414000,-117.771365000,1302,37218.51
63618,33.664287000,-117.771476000,1303,37236.00
63618,33.664230000,-117.771532000,1304,37244.19
63618,33.664040000,-117.771709000,1305,37270.96
63618,33.663747000,-117.772000000,1306,37313.27
63618,33.663737000,-117.772010000,1307,37314.72
63618,33.663670000,-117.772076000,1308,37324.37
63618,33.663311000,-117.772420000,1309,37375.48
63618,33.662867000,-117.772865000,1310,37439.85
63618,33.662774000,-117.772959000,1311,37453.38
63618,33.662451000,-117.773279000,1312,37499.98
63618,33.661802000,-117.773921000,1313,37593.57
63618,33.661028000,-117.774686000,1314,37705.14
63618,33.660526000,-117.775183000,1315,37777.55
63618,33.660511000,-117.775198000,1316,37779.72
63618,33.660358000,-117.775228000,1317,37796.98
63618,33.660240000,-117.775362000,1318,37815.05
63618,33.660084000,-117.775146000,1319,37841.55
63618,33.659998000,-117.775022000,1320,37856.50
63618,33.659714000,-117.774612000,1321,37905.93
63618,33.659544000,-117.774378000,1322,37934.71
63618,33.659202000,-117.773853000,1323,37996.48
63618,33.659022000,-117.773592000,1324,38027.88
63618,33.658994000,-117.773550000,1325,38032.87
63618,33.658729000,-117.773149000,1326,38080.31
63618,33.658723000,-117.773141000,1327,38081.31
63618,33.658618000,-117.773015000,1328,38097.83
63618,33.658616000,-117.773013000,1329,38098.12
63618,33.658518000,-117.772905000,1330,38112.92
63618,33.658371000,-117.772711000,1331,38137.23
63618,33.658276000,-117.772586000,1332,38152.92
63618,33.658195000,-117.772463000,1333,38167.45
63618,33.658165000,-117.772418000,1334,38172.79
63618,33.658018000,-117.772190000,1335,38199.51
63618,33.657822000,-117.771890000,1336,38234.85
63618,33.657729000,-117.771726000,1337,38253.24
63618,33.657643000,-117.771567000,1338,38270.81
63618,33.657573000,-117.771449000,1339,38284.23
63618,33.657507000,-117.771325000,1340,38297.87
63618,33.657419000,-117.771158000,1341,38316.19
63618,33.657335000,-117.770986000,1342,38334.66
63618,33.657196000,-117.770649000,1343,38369.51
63618,33.657184000,-117.770624000,1344,38372.19
63618,33.657131000,-117.770483000,1345,38386.52
63618,33.657018000,-117.770128000,1346,38421.74
63618,33.656930000,-117.769812000,1347,38452.62
63618,33.656886000,-117.769629000,1348,38470.27
63618,33.656850000,-117.769444000,1349,38487.87
63618,33.656818000,-117.769259000,1350,38505.38
63618,33.656791000,-117.769067000,1351,38523.42
63618,33.656768000,-117.768880000,1352,38540.94
63618,33.656754000,-117.768691000,1353,38558.52
63618,33.656753000,-117.768676000,1354,38559.91
63618,33.656746000,-117.768556000,1355,38571.06
63618,33.656740000,-117.768433000,1356,38582.47
63618,33.656733000,-117.768317000,1357,38593.25
63618,33.656732000,-117.768290000,1358,38595.76
63618,33.656731000,-117.768233000,1359,38601.04
63618,33.656730000,-117.768091000,1360,38614.20
63618,33.656731000,-117.767989000,1361,38623.65
63618,33.656735000,-117.767887000,1362,38633.11
63618,33.656747000,-117.767633000,1363,38656.68
63618,33.656756000,-117.767498000,1364,38669.23
63618,33.656768000,-117.767363000,1365,38681.81
63618,33.656803000,-117.767120000,1366,38704.66
63618,33.656821000,-117.767006000,1367,38715.41
63618,33.656839000,-117.766892000,1368,38726.17
63618,33.656861000,-117.766788000,1369,38736.11
63618,33.656885000,-117.766679000,1370,38746.56
63618,33.656912000,-117.766520000,1371,38761.59
63618,33.656914000,-117.766514000,1372,38762.19
63618,33.657100000,-117.765625000,1373,38847.13
63618,33.657209000,-117.765096000,1374,38897.62
63618,33.657352000,-117.764410000,1375,38963.15
63618,33.657391000,-117.764238000,1376,38979.67
63618,33.657396000,-117.764217000,1377,38981.69
63618,33.657509000,-117.763657000,1378,39035.08
63618,33.657537000,-117.763496000,1379,39050.32
63618,33.657567000,-117.763313000,1380,39067.61
63618,33.657580000,-117.763219000,1381,39076.44
63618,33.657590000,-117.763125000,1382,39085.22
63618,33.657617000,-117.762864000,1383,39109.59
63618,33.657627000,-117.762701000,1384,39124.73
63618,33.657633000,-117.762599000,1385,39134.21
63618,33.657637000,-117.762459000,1386,39147.19
63618,33.657639000,-117.762250000,1387,39166.55
63618,33.657638000,-117.762223000,1388,39169.06
63618,33.657637000,-117.762135000,1389,39177.21
63618,33.657633000,-117.762063000,1390,39183.90
63618,33.657630000,-117.762018000,1391,39188.08
63618,33.657628000,-117.761957000,1392,39193.74
63618,33.657627000,-117.761925000,1393,39196.70
63618,33.657625000,-117.761889000,1394,39200.05
63618,33.657605000,-117.761649000,1395,39222.40
63618,33.657602000,-117.761619000,1396,39225.20
63618,33.657583000,-117.761453000,1397,39240.72
63618,33.657549000,-117.761213000,1398,39263.28
63618,33.657528000,-117.761098000,1399,39274.19
63618,33.657504000,-117.760985000,1400,39285.00
63618,33.657423000,-117.760614000,1401,39320.53
63618,33.657367000,-117.760407000,1402,39340.70
63618,33.657306000,-117.760206000,1403,39360.53
63618,33.657268000,-117.760093000,1404,39371.82
63618,33.657224000,-117.759971000,1405,39384.14
63618,33.657172000,-117.759832000,1406,39398.26
63618,33.656934000,-117.759201000,1407,39462.45
63618,33.656866000,-117.759017000,1408,39481.10
63618,33.656797000,-117.758841000,1409,39499.13
63618,33.656341000,-117.757626000,1410,39622.63
63618,33.656117000,-117.757020000,1411,39684.07
63618,33.656016000,-117.756723000,1412,39713.79
63618,33.655993000,-117.756655000,1413,39720.60
63618,33.655928000,-117.756466000,1414,39739.54
63618,33.655909000,-117.756404000,1415,39745.67
63618,33.655835000,-117.756167000,1416,39769.12
63618,33.655739000,-117.755825000,1417,39802.56
63618,33.655735000,-117.755810000,1418,39804.02
63618,33.655702000,-117.755702000,1419,39814.68
63618,33.655687000,-117.755654000,1420,39819.43
63618,33.655670000,-117.755588000,1421,39825.84
63618,33.655660000,-117.755550000,1422,39829.53
63618,33.655630000,-117.755454000,1423,39839.03
63618,33.655621000,-117.755419000,1424,39842.43
63618,33.655618000,-117.755407000,1425,39843.59
63618,33.655554000,-117.755138000,1426,39869.51
63618,33.655527000,-117.755012000,1427,39881.57
63618,33.655499000,-117.754871000,1428,39895.00
63618,33.655395000,-117.754312000,1429,39948.07
63618,33.655365000,-117.754127000,1430,39965.54
63618,33.655338000,-117.753943000,1431,39982.85
63618,33.655316000,-117.753791000,1432,39997.15
63618,33.655298000,-117.753637000,1433,40011.56
63618,33.655274000,-117.753463000,1434,40027.90
63618,33.655250000,-117.753182000,1435,40054.07
63618,33.655227000,-117.752879000,1436,40082.27
63618,33.655218000,-117.752764000,1437,40092.97
63618,33.655217000,-117.752742000,1438,40095.01
63618,33.655216000,-117.752728000,1439,40096.31
63618,33.655205000,-117.752546000,1440,40113.22
63618,33.655195000,-117.752388000,1441,40127.90
63618,33.655193000,-117.752354000,1442,40131.06
63618,33.655188000,-117.752111000,1443,40153.59
63618,33.655186000,-117.751868000,1444,40176.10
63618,33.655189000,-117.751330000,1445,40225.96
63618,33.655207000,-117.749886000,1446,40359.77
63618,33.655215000,-117.749204000,1447,40422.97
63618,33.655217000,-117.749045000,1448,40437.71
63618,33.655066000,-117.749042000,1449,40454.52
63618,33.654762000,-117.749039000,1450,40488.36
63618,33.654245000,-117.749035000,1451,40545.92
63618,33.654078000,-117.749029000,1452,40564.52
63618,33.653903000,-117.749023000,1453,40584.00
63618,33.653488000,-117.749008000,1454,40630.22
63618,33.653366000,-117.749003000,1455,40643.81
63618,33.653242000,-117.749002000,1456,40657.62
63618,33.653050000,-117.749001000,1457,40678.99
63618,33.652514000,-117.748989000,1458,40738.67
63618,33.652358000,-117.748985000,1459,40756.04
63618,33.652128000,-117.748977000,1460,40781.65
63618,33.651963000,-117.748967000,1461,40800.04
63618,33.651809000,-117.748948000,1462,40817.27
63618,33.651654000,-117.748921000,1463,40834.71
63618,33.651365000,-117.748855000,1464,40867.46
63618,33.651346000,-117.748851000,1465,40869.60
63618,33.651218000,-117.748722000,1466,40888.20
63618,33.651189000,-117.748693000,1467,40892.40
63618,33.651169000,-117.748577000,1468,40903.38
63618,33.651140000,-117.748405000,1469,40919.64
63618,33.651174000,-117.747945000,1470,40962.44
63618,33.651194000,-117.747644000,1471,40990.42
63618,33.651194000,-117.747636000,1472,40991.16
63618,33.651204000,-117.747456000,1473,41007.88
63618,33.651204000,-117.747452000,1474,41008.25
63618,33.651216000,-117.747252000,1475,41026.83
63618,33.651217000,-117.747248000,1476,41027.22
63618,33.651229000,-117.747154000,1477,41036.03
63618,33.651232000,-117.747131000,1478,41038.18
63618,33.651294000,-117.747041000,1479,41049.01
63618,33.651301000,-117.746868000,1480,41065.06
63618,33.651442000,-117.746908000,1481,41081.19
63618,33.651459000,-117.746912000,1482,41083.12
63618,33.651609000,-117.746946000,1483,41100.11
63618,33.651746000,-117.746964000,1484,41115.45
63618,33.651878000,-117.746968000,1485,41130.15
63618,33.652008000,-117.746957000,1486,41144.66
63618,33.652096000,-117.746941000,1487,41154.56
63618,33.652177000,-117.746926000,1488,41163.69
63618,33.652286000,-117.746890000,1489,41176.27
63618,33.652425000,-117.746838000,1490,41192.48
63618,33.652486000,-117.746806000,1491,41199.89
63618,33.652561000,-117.746767000,1492,41208.99
63618,33.652613000,-117.746732000,1493,41215.62
63618,33.652703000,-117.746673000,1494,41227.03
63618,33.652852000,-117.746543000,1495,41247.53
63618,33.652875000,-117.746520000,1496,41250.87
63618,33.652966000,-117.746426000,1497,41264.23
63618,33.653087000,-117.746276000,1498,41283.58
63618,33.653123000,-117.746222000,1499,41289.99
63618,33.653188000,-117.746126000,1500,41301.46
63618,33.653196000,-117.746114000,1501,41302.88
63618,33.653271000,-117.745944000,1502,41320.71
63618,33.653365000,-117.746022000,1503,41333.43
63618,33.653455000,-117.746079000,1504,41344.75
63618,33.653464000,-117.746085000,1505,41345.90
63618,33.653468000,-117.746087000,1506,41346.38
63618,33.653523500,-117.746123500,1507,41353.43
63618,33.653579000,-117.746160000,1508,41360.47
63618,33.653831000,-117.746324000,1509,41392.37
63618,33.654138000,-117.746519000,1510,41431.03
63618,33.654487000,-117.746690000,1511,41472.99
63618,33.654814000,-117.746799000,1512,41510.77
63618,33.654910000,-117.746820000,1513,41521.63
63618,33.655140000,-117.746852000,1514,41547.40
63618,33.655274000,-117.746864000,1515,41562.36
63618,33.655290000,-117.746634000,1516,41583.75
63618,33.655309000,-117.746417000,1517,41603.97
63618,33.655330000,-117.746186000,1518,41625.50
63618,33.655345000,-117.746045000,1519,41638.67
63618,33.655363000,-117.745905000,1520,41651.80
63618,33.655400000,-117.745650000,1521,41675.78
63618,33.655407000,-117.745602000,1522,41680.30
63618,33.655481000,-117.745100000,1523,41727.53
63618,33.655520000,-117.744807000,1524,41755.03
63618,33.655553000,-117.744571000,1525,41777.20
63618,33.655581000,-117.744341000,1526,41798.74
63618,33.655700000,-117.743430000,1527,41884.19
63618,33.655756000,-117.742955000,1528,41928.64
63618,33.655765000,-117.742857000,1529,41937.78
63618,33.655776000,-117.742715000,1530,41950.99
63618,33.655783000,-117.742582000,1531,41963.34
63618,33.655788000,-117.742452000,1532,41975.40
63618,33.655787000,-117.742171000,1533,42001.44
63618,33.655779000,-117.741914000,1534,42025.27
63618,33.655755000,-117.741675000,1535,42047.57
63618,33.655710000,-117.741330000,1536,42079.93
63618,33.655675000,-117.741100000,1537,42101.60
63618,33.655653000,-117.741001000,1538,42111.09
63618,33.655584000,-117.740693000,1539,42140.65
63618,33.655538000,-117.740520000,1540,42157.48
63618,33.655465000,-117.740233000,1541,42185.28
63618,33.655344000,-117.739819000,1542,42225.94
63618,33.655338000,-117.739798000,1543,42228.00
63618,33.655310000,-117.739697000,1544,42237.86
63618,33.655260000,-117.739544000,1545,42253.09
63618,33.655208000,-117.739424000,1546,42265.63
63618,33.655201000,-117.739407000,1547,42267.39
63618,33.655120000,-117.739211000,1548,42287.66
63618,33.655072000,-117.739104000,1549,42298.93
63618,33.655062000,-117.739080000,1550,42301.41
63618,33.654994000,-117.738941000,1551,42316.35
63618,33.654925000,-117.738803000,1552,42331.27
63618,33.654851000,-117.738666000,1553,42346.40
63618,33.654774000,-117.738532000,1554,42361.49
63618,33.654701000,-117.738411000,1555,42375.34
63618,33.654632000,-117.738300000,1556,42388.17
63618,33.654552000,-117.738186000,1557,42401.99
63618,33.654450000,-117.738041000,1558,42419.58
63618,33.654306000,-117.737854000,1559,42443.19
63618,33.654162000,-117.737682000,1560,42465.79
63618,33.654149000,-117.737669000,1561,42467.67
63618,33.654058000,-117.737574000,1562,42481.10
63618,33.654183000,-117.737414000,1563,42501.43
63618,33.654233000,-117.737284000,1564,42514.70
63618,33.654245000,-117.737255000,1565,42517.70
63618,33.654427000,-117.737018000,1566,42547.58
63618,33.654530000,-117.736883000,1567,42564.55
63618,33.654618000,-117.736815000,1568,42576.19
63618,33.654783000,-117.736608000,1569,42602.75
63618,33.655365000,-117.735935000,1570,42692.68
63618,33.655473000,-117.735829000,1571,42708.20
63618,33.655631000,-117.735674000,1572,42730.91
63618,33.655796000,-117.735512000,1573,42754.63
63618,33.655834000,-117.735410000,1574,42764.98
63618,33.656028000,-117.735214000,1575,42793.20
63618,33.656058000,-117.735184000,1576,42797.55
63618,33.656079000,-117.735163000,1577,42800.59
63618,33.656102000,-117.735148000,1578,42803.50
63618,33.656196000,-117.735090000,1579,42815.27
63618,33.656312000,-117.734955000,1580,42833.24
63618,33.656395000,-117.734868000,1581,42845.51
63618,33.656404000,-117.734859000,1582,42846.81
63618,33.656616000,-117.734638000,1583,42878.05
63618,33.656787000,-117.734459000,1584,42903.30
63618,33.656875000,-117.734362000,1585,42916.60
63618,33.656772000,-117.734221000,1586,42933.98
63618,33.656286000,-117.733530000,1587,43017.80
63618,33.656136000,-117.733319000,1588,43043.52
63618,33.655696000,-117.732694000,1589,43119.36
63618,33.655587000,-117.732539000,1590,43138.17
63618,33.655526000,-117.732453000,1591,43148.64
63618,33.656076000,-117.732351000,1592,43210.59
63618,33.656169000,-117.732338000,1593,43221.01
63618,33.656268000,-117.732328000,1594,43232.07
63618,33.656388000,-117.732316000,1595,43245.47
63618,33.656408000,-117.732314000,1596,43247.71
63618,33.656641000,-117.732643000,1597,43287.73
63618,33.656822000,-117.732899000,1598,43318.86