157583
157584
157585
157586
157587
157588
157589
157590
157591
157633
157593
157680
157679
157678
157677
157676
157675
157600
174788
157601
157602
157648
157649
157650
157651
157652
157609
157653
157654
157655
157656
157657
157658
157659
157660
198349
198251
198350
198252
198253
198254
198255
198256
198257
198258
198259
198260
198261
198262
157623
157624
157625
157626
157627
157661
157662
157663
157664
157665
157667
157668
157628
157669
157670
157671
157672
157673
157647
157629
157630
157646
157645
157644
157643
157642
157641
157631
157632
157592
157634
157635
157636
157637
157638
157639
157583
157583
157584
157585
157586
157587
157588
157589
157590
157591
157633
157593
157680
157679
157678
157677
157676
157675
157600
174788
157601
157602
157648
157649
157650
157651
157652
157609
157653
157654
157655
157656
157657
157658
157659
157660
198349
198251
198350
198252
198253
198254
198255
198256
198257
198258
198259
198260
198261
198262
157623
157624
157625
157626
157627
157661
157662
157663
157664
157665
157667
157668
157628
157669
157670
157671
157672
157673
157647
157629
157630
157646
157645
157644
157643
157642
157641
157631
157632
157592
157634
157635
157636
157637
157638
157639
157583